   8.9032877e-01   8.5477379e-01   5.5384006e-01   8.0149452e-01
   6.6035196e-01   8.5195709e-01   5.9750567e-01   6.0245794e-01
   7.7664101e-01   8.3616654e-01   5.4185206e-01   9.6774430e-01
   8.1234998e-01   8.1662630e-01   5.1242542e-01   9.3525902e-01
   9.0015450e-01   8.4687823e-01   5.9494420e-01   1.0505483e+03
   9.3812052e-01   8.8541055e-01   6.1017105e-01   1.4700874e+03
   8.2012843e-01   8.5781509e-01   5.7317680e-01   1.5097931e+03
   7.9759200e-01   7.9975000e-01   5.6381865e-01   1.7485139e+03
   8.9149736e-01   8.1190486e-01   4.6933662e-01   2.0072144e+03
   8.6344552e-01   8.1867816e-01   5.4894027e-01   8.2336962e-01
