bola.Area = 
       45520
      103765
       92002
      205060
;

bola.BoundingBox =
    9.5000   15.5000  244.0000  236.0000
    0.5000    0.5000  360.0000  354.0000
    8.5000    8.5000  344.0000  344.0000
    0.5000    0.5000  512.0000  512.0000
;

bola.Eccentricity = 
    0.2514
    0.1991
    0.0863
    0.1683
;


bola.Extent =
    0.7905
    0.8142
    0.7775
    0.7822
;


tenis.Area =
       38197
       50678
       76056
       44147
       14245
;


tenis.BoundingBox =
   26.5000   19.5000  259.0000  287.0000
    0.5000    8.5000  288.0000  307.0000
    0.5000    0.5000  463.0000  350.0000
    0.5000    0.5000  300.0000  261.0000
    0.5000    0.5000  150.0000  173.0000
;


tenis.Eccentricity =
    0.8161
    0.8201
    0.8915
    0.7976
    0.8634
;

tenis.Extent =
    0.5139
    0.5732
    0.4693
    0.5638
    0.5489
;


red.Area =
       33833
       26888
      197087
;

red.BoundingBox =
   67.5000   91.5000  115.0000  300.0000
   80.5000   16.5000  152.0000  280.0000
   40.5000   24.5000  688.0000  488.0000
;

red.Eccentricity =
    0.9233
    0.9307
    0.9087
;

red.Extent =
    0.9807
    0.6318
    0.5870
;



cubo.Area =
       59104
       48303
       51911
      132778
;

cubo.BoundingBox =
   35.5000   50.5000  275.0000  288.0000
    8.5000    0.5000  232.0000  248.0000
   16.5000   28.5000  280.0000  244.0000
   12.5000    9.5000  459.0000  482.0000
;

cubo.Eccentricity =
    0.1534
    0.3549
    0.4862
    0.3258
;

cubo.Extent =
    0.7463
    0.8395
    0.7598
    0.6002
;

